1
Vector3(-2.90180922,1.14530516,-0.744611621)
Vector3(0,285.75,0)
Vector3(1.12696135,2.29061031,1)

2
Vector3(-2.4088583,1.14530516,0.249520779)
Vector3(0,307,0)
Vector3(1.12696123,2.29061031,1)

3
Vector3(-1.58911276,1.14530516,0.997395754)
Vector3(0,328.25,0)
Vector3(1.12696099,2.29061031,1)

4
Vector3(-0.554045141,1.14530516,1.39731419)
Vector3(0,349.5,0)
Vector3(1.12696135,2.29061031,1)

5
Vector3(0.555591702,1.14530516,1.39489329)
Vector3(0,10.7500105,0)
Vector3(1.12696123,2.29061031,1)

6
Vector3(1.58890462,1.14530516,0.990462303)
Vector3(0,31.9999866,0)
Vector3(1.12696123,2.29061031,1)

7
Vector3(2.4053793,1.14530516,0.239017844)
Vector3(0,53.2500229,0)
Vector3(1.12696123,2.29061031,1)

8
Vector3(2.89398789,1.14530516,-0.757256031)
Vector3(0,74.4999924,0)
Vector3(1.12696135,2.29061031,1)
